ENSG00000126903	ENSG00000160219	ENSG00000071889	ENSG00000185973	ENSG00000130830	ENSG00000102178	ENSG00000102125	ENSG00000269335	ENSG00000160211	ENSG00000165775	ENSG00000177854	ENSG00000203879	ENSG00000102119	ENSG00000102032	ENSG00000172534	ENSG00000184216	ENSG00000169057	ENSG00000182484	ENSG00000071859	ENSG00000196976	ENSG00000185010	ENSG00000131002	ENSG00000197180	ENSG00000277203	ENSG00000155962	ENSG00000278212	ENSG00000071553	ENSG00000013563	ENSG00000260197	ENSG00000168939	ENSG00000130827	ENSG00000012817	ENSG00000210144	ENSG00000130826	ENSG00000210140	ENSG00000165246	ENSG00000114374	ENSG00000092377	ENSG00000099725	ENSG00000155959	ENSG00000176728	ENSG00000198692	ENSG00000273906	ENSG00000183878	ENSG00000067048	ENSG00000124333	ENSG00000067646	ENSG00000185515	ENSG00000155961	ENSG00000210196	ENSG00000280195	condition
896	265	1536	82	720	916	1050	145	874	1383	253	4076	1905	167	3145	3090	2700	118	1578	254	461	1126	99	152	161	154	5255	379	39	85	2916	2556	242	1326	710	264	1467	68	751	572	258	269	168	641	1688	530	144	538	71	361	55	0
688	108	1301	65	574	749	764	68	536	1088	243	3041	1339	108	1975	2373	1740	142	1442	236	126	502	55	114	127	147	3956	232	23	48	1717	1489	100	818	810	107	445	64	290	235	211	248	160	152	667	229	84	242	64	239	24	0
569	210	1580	126	800	817	932	87	804	1460	304	3884	1420	99	2523	3007	2581	319	1754	192	425	1657	141	117	111	120	7224	335	38	150	2967	2565	219	1128	519	291	1542	163	761	725	444	614	460	680	1875	737	228	536	113	254	38	0
532	119	926	72	539	662	682	47	547	1110	237	2878	1270	39	1378	976	1343	103	640	248	153	724	87	154	59	158	3923	210	11	38	1105	1255	1253	659	353	113	506	80	513	258	291	303	167	300	603	239	90	268	60	115	31	0
412	120	925	72	435	442	810	73	484	753	147	2674	1133	102	1370	1605	1141	54	1295	201	180	456	68	32	54	84	2799	160	10	45	1288	1361	192	630	498	121	333	45	358	132	206	187	93	191	480	158	61	147	18	249	8	0
1515	384	3916	235	1416	2231	1504	72	1157	5710	846	5504	3466	102	2318	1654	2505	270	1281	1226	654	3022	400	103	210	378	9581	398	56	90	1422	2201	1244	1917	5533	497	2519	173	997	1077	811	931	509	1189	1870	933	472	731	225	708	77	0
512	113	1500	109	785	1039	992	49	484	2552	490	3985	1912	147	1194	2207	1399	200	2336	526	259	871	204	140	97	84	4206	169	26	97	943	1291	994	954	933	139	339	85	333	556	525	535	248	282	658	395	76	345	60	435	31	0
468	66	1139	62	557	671	525	109	569	1256	188	2861	1344	76	2111	2306	1756	150	1063	188	236	1197	88	70	64	217	5187	247	19	32	2075	1714	119	1032	1574	196	2330	107	284	239	238	331	244	570	1263	335	220	435	43	132	72	0
481	520	962	123	573	667	1345	128	741	713	193	3561	1293	191	2617	2240	2063	285	1125	240	229	883	69	78	227	139	2750	302	43	79	2104	2825	227	1015	230	162	690	20	946	194	193	174	70	365	952	319	142	216	96	46	31	0
1037	450	2102	227	907	738	1225	23	418	3044	470	3368	2232	36	1158	697	1365	152	598	585	1048	1892	99	110	266	206	4745	267	25	96	964	1533	601	588	3365	425	1938	46	679	710	453	780	165	779	1680	806	352	424	169	1120	26	0
257	105	741	19	360	389	703	45	479	487	173	2133	702	76	992	1021	800	103	988	171	162	1664	57	73	56	151	2444	152	14	16	1296	1273	293	570	73	109	759	45	289	322	318	266	173	269	631	226	97	276	101	122	29	0
1380	262	2473	96	1030	1259	1885	128	984	1556	468	5871	2445	281	2042	2547	2064	562	2599	555	255	375	128	149	62	140	3278	258	9	48	2363	1280	862	922	373	166	269	17	419	224	275	319	48	185	319	187	34	182	34	73	20	0
995	468	1075	163	1077	672	990	23	823	1472	314	3238	2037	207	1465	865	1525	173	592	455	342	1226	162	85	242	224	4474	265	27	78	719	1473	1048	718	1305	304	1338	41	815	366	273	394	65	730	1191	478	286	301	57	415	29	0
725	203	1588	193	760	883	1095	100	844	2555	281	4530	1556	155	2434	2819	2884	356	1617	217	765	1200	111	94	274	174	4854	267	44	107	2615	2844	348	1070	701	372	1152	72	823	1144	435	493	299	515	1718	624	203	984	153	375	28	0
268	47	845	18	386	496	459	46	298	741	149	1795	608	22	990	1545	676	141	849	165	168	1056	54	58	30	231	3387	195	34	55	1209	845	38	687	60	190	1003	191	128	360	74	323	583	380	699	437	145	332	93	176	34	0
1000	186	3014	37	632	1118	1796	36	1058	2392	398	5747	2475	339	1551	2240	1660	507	4243	1131	318	416	229	54	55	50	2623	92	8	39	1760	585	487	490	1951	107	124	8	268	186	336	293	7	150	162	58	21	84	22	130	7	0
733	139	1375	137	854	937	990	58	720	1250	334	4286	1556	59	2540	1746	2525	248	1039	249	305	1168	77	182	87	163	4841	311	42	102	2631	2358	375	996	643	367	1354	116	954	453	419	440	444	597	1755	460	232	494	78	246	60	0
455	189	672	81	657	514	589	61	383	883	98	2496	839	49	1190	1188	1331	83	1004	163	269	289	82	94	44	59	2274	114	24	36	1334	1255	240	644	255	138	358	19	279	143	113	186	54	183	546	186	51	164	34	245	23	0
541	115	1570	44	450	1177	700	94	917	1810	326	4468	1777	86	1320	2111	1231	120	990	400	159	2087	103	100	76	108	5770	385	7	16	1515	1738	590	1239	532	95	1525	72	206	556	368	448	138	592	914	309	282	362	138	137	46	0
674	225	1189	132	925	783	1086	150	657	938	180	4197	1745	132	2549	1924	2388	112	1335	191	261	362	66	89	99	128	2135	165	33	49	1509	2039	139	825	1203	220	406	13	393	192	165	278	35	195	917	312	70	214	50	124	32	0
707	167	1605	106	678	919	1207	98	774	1300	328	4507	1587	82	2765	2050	2097	207	1715	393	336	740	131	76	122	199	5420	283	35	94	2958	2215	547	1156	644	170	663	101	1098	300	377	351	214	402	958	282	172	257	67	323	64	0
676	220	884	116	915	650	621	63	454	1520	185	2792	1304	130	1354	1690	1698	72	1277	241	373	770	81	159	206	44	2583	144	13	44	990	1692	114	994	749	229	869	21	485	337	192	655	82	397	973	259	140	397	77	290	21	0
738	155	3660	37	770	1364	1535	34	848	2296	464	3697	1840	170	1387	2143	1124	207	3893	745	98	627	442	149	41	156	5594	122	8	44	1579	818	1280	610	1227	148	121	30	259	159	464	283	136	165	95	88	26	138	13	205	12	0
957	320	1277	89	707	910	1416	114	828	1098	273	5441	1869	211	2678	2621	2611	276	1685	323	268	416	55	148	179	102	3021	233	22	43	2280	2476	710	1082	225	243	421	4	626	255	209	300	19	259	870	289	93	217	49	126	25	0
965	288	1885	152	920	1074	854	86	920	1342	325	4709	1646	149	2915	2347	2549	257	1593	268	403	1547	85	74	181	144	5833	334	28	124	2788	2461	429	1265	113	335	1292	82	608	776	324	579	309	705	2394	857	233	580	81	195	78	0
738	191	1004	98	509	536	706	60	713	897	121	3868	1774	73	2948	1369	2367	142	726	100	246	1003	34	77	106	76	2734	253	40	61	1956	2123	369	681	210	307	1126	22	674	280	210	317	76	523	1814	360	162	318	52	267	25	0
571	204	389	112	523	253	579	20	180	782	201	2178	1323	18	1054	271	1434	32	147	173	738	1243	44	87	201	184	2579	183	48	100	440	789	177	167	293	404	1209	43	433	209	308	262	86	577	1107	385	173	226	86	65	31	0
961	210	1712	103	1255	1440	1145	135	845	1747	504	6001	1842	577	3473	5128	2365	336	2793	549	329	1402	156	145	119	137	7685	518	26	64	5321	2397	444	1992	157	215	1122	196	742	716	182	556	670	544	1307	493	190	552	74	140	47	0
475	153	1072	56	554	805	601	38	458	1065	184	2620	1025	145	1203	1598	1162	79	979	263	75	349	108	56	63	115	2930	227	8	32	827	1040	547	565	242	76	352	41	200	187	182	230	140	187	362	216	50	145	9	154	9	0
1087	233	1660	129	1035	1387	1184	85	786	1365	422	4268	1627	142	3139	3257	3053	348	1564	503	465	1262	156	115	88	194	6097	409	48	89	2476	2768	405	1396	210	301	1120	96	731	452	320	385	268	621	1333	548	193	456	174	70	20	0
527	189	875	53	514	705	783	70	599	876	203	3347	1144	93	2854	2465	1886	113	792	207	388	4821	58	122	114	98	3891	296	34	52	2833	2868	187	1328	97	368	2543	88	700	602	149	399	168	766	2143	527	275	550	104	109	46	0
311	96	767	23	456	458	574	60	420	779	127	2419	803	91	1599	2073	1087	197	1140	204	96	382	99	96	39	131	3220	217	15	32	1506	830	421	1024	467	74	555	56	217	169	151	192	129	200	481	153	71	211	67	276	56	0
806	234	774	141	944	421	652	15	413	1586	327	3691	2058	26	1479	375	1881	101	185	357	443	976	102	130	173	237	5260	270	29	116	714	1225	214	414	449	380	1498	88	586	683	338	672	502	679	1867	634	171	525	154	225	64	0
805	155	1648	64	667	814	960	82	640	1262	216	4056	1824	92	1678	1869	1852	179	1479	303	479	321	101	53	67	90	3693	179	36	36	1542	1502	158	543	323	149	339	20	368	148	252	250	80	162	452	260	46	195	17	94	14	0
504	211	802	96	437	411	460	19	238	2189	100	1706	798	30	593	395	649	93	369	309	211	783	63	13	183	63	1098	66	31	44	297	615	2466	357	5413	121	574	8	434	424	285	365	8	465	700	557	235	141	53	582	9	0
789	335	1533	92	1939	1089	1327	88	820	1912	263	6811	2267	160	3497	3305	3413	189	1594	339	407	3021	65	95	258	134	6467	427	105	84	4644	3107	602	2310	399	503	2857	101	631	1148	381	736	360	807	2660	1352	338	708	260	455	68	1
428	184	747	47	439	383	736	55	526	507	123	2312	905	186	1603	1627	1669	160	935	178	157	650	59	68	72	50	2114	168	22	48	1536	1700	105	533	353	140	508	26	549	143	152	172	61	290	726	212	102	182	29	107	47	1
266	112	344	44	235	272	318	23	236	364	64	1297	457	54	728	665	870	44	320	59	275	448	22	36	45	6	1174	109	6	38	733	895	96	343	319	176	570	22	317	188	78	152	57	216	545	167	83	162	45	111	8	1
492	46	1094	21	233	855	503	32	580	801	241	2653	886	156	1735	2288	1050	73	965	408	129	527	73	62	15	127	5259	267	7	16	955	941	37	519	133	115	641	86	149	138	57	208	127	185	373	224	53	204	4	44	39	1
229	113	386	30	233	301	441	45	291	361	76	1265	402	184	413	953	318	59	719	295	23	1	23	20	58	18	1191	108	0	7	920	0	37	454	104	0	0	0	1	90	0	0	0	0	1	86	0	75	5	38	19	1
447	75	1502	59	604	968	777	67	627	1164	260	3278	1462	92	2050	2610	1868	87	1376	342	211	1054	111	21	59	145	4932	320	11	47	1869	1766	172	907	1001	136	1020	83	385	302	269	260	177	303	751	260	104	318	86	127	65	1
362	57	871	31	513	509	581	43	362	876	148	2115	951	57	1148	1313	1255	269	998	167	157	1562	90	90	54	103	3528	164	37	60	1402	1308	199	819	222	130	891	83	552	500	352	276	281	376	1020	363	147	386	76	259	30	1
528	156	1216	34	843	728	1123	96	883	855	226	4064	1706	118	2365	2452	1785	258	1696	264	271	2292	94	175	89	108	5823	361	74	29	3087	2421	129	1591	367	110	2239	70	813	938	234	470	133	405	1689	920	318	560	36	269	58	1
255	116	510	47	246	332	479	41	163	440	46	1990	852	46	911	537	1150	95	551	89	162	800	26	37	77	68	927	64	77	46	569	1265	93	305	148	293	831	2	328	186	122	224	3	234	1047	299	117	134	21	58	19	1
290	51	541	32	338	375	434	46	367	554	106	1763	644	47	1129	1067	992	77	665	109	110	1438	44	27	47	69	2607	166	62	36	1234	1117	118	603	64	161	1246	55	554	261	214	243	138	489	987	343	139	250	39	75	23	1
721	68	1951	54	660	873	751	65	636	1320	295	4326	1746	55	1766	1746	1875	231	1894	251	187	1742	126	49	51	106	5811	232	29	64	2302	1692	81	878	99	192	875	93	402	582	373	584	477	459	1590	562	181	446	86	136	45	1
200	55	126	32	86	44	280	2	40	500	88	563	548	12	447	88	335	7	79	81	211	3614	29	61	87	59	1723	127	27	58	547	495	58	92	173	160	2698	26	325	363	333	235	64	582	815	283	182	119	110	53	34	1
0	0	0	0	0	0	0	0	0	0	0	2	0	0	0	2	0	0	0	0	0	0	0	0	0	0	0	0	0	0	0	1	0	0	0	0	0	0	0	0	0	0	0	0	0	0	0	0	0	0	0	1
196	96	507	23	307	247	546	15	254	361	67	1740	575	43	369	516	649	156	1005	118	179	1085	30	54	72	57	1274	60	63	38	1012	1117	93	408	62	102	705	26	256	234	201	187	131	139	631	268	86	174	44	88	8	1
256	39	1609	16	215	773	881	15	505	1271	380	2872	1135	386	944	1623	681	230	3513	838	43	1164	323	84	36	68	4037	66	2	12	1639	370	1884	446	416	30	261	21	99	469	624	314	176	107	286	52	12	165	62	210	42	1
189	72	323	58	335	360	308	23	133	523	85	1080	584	31	387	551	693	56	497	78	206	586	19	58	111	35	870	63	31	34	313	563	106	343	273	176	455	2	124	409	94	357	8	245	1046	420	87	213	35	113	9	1
473	61	943	58	472	582	623	47	407	923	157	3041	1384	74	1588	1610	1869	107	942	200	172	1916	78	75	60	98	2996	257	75	22	1563	1493	228	862	224	218	1244	39	934	387	374	452	117	540	1497	419	156	366	59	404	18	1
641	201	1346	53	955	1255	1346	119	908	1663	345	5391	1929	276	3162	3047	2387	219	2308	349	329	6501	136	72	161	360	7435	495	112	64	3542	3368	674	2212	508	329	3076	102	679	932	409	720	237	881	2559	1105	461	758	290	542	116	1
405	78	858	15	427	806	448	61	436	807	200	1896	841	97	1030	2092	741	118	1159	303	152	1734	90	77	72	35	4954	218	16	20	1052	908	290	1039	95	97	1284	45	179	672	200	391	162	286	828	550	135	315	177	87	27	1
223	35	665	31	347	317	301	29	322	539	126	1612	523	27	841	899	800	70	578	145	124	959	57	28	37	32	2683	102	45	28	893	845	86	332	286	124	725	52	280	279	163	261	187	330	854	357	120	225	34	149	21	1
330	47	552	56	259	315	414	32	321	529	119	1658	807	64	902	758	844	84	574	124	61	651	41	31	40	32	1795	117	22	23	1062	914	259	451	221	125	561	17	638	153	174	212	73	323	675	175	54	207	22	165	19	1
835	108	1685	102	884	1069	1125	96	751	1700	251	5213	2495	114	2857	2823	3412	194	1684	325	295	3714	153	146	116	204	5128	442	129	63	2725	2800	449	1554	433	403	2312	58	1729	712	622	881	177	1011	2719	757	321	695	102	642	45	1
432	48	494	77	76	519	403	124	1513	399	121	1176	615	147	739	1488	380	97	799	124	53	247	14	29	53	36	1508	94	6	31	633	482	38	904	21	191	360	2	1101	232	62	181	16	162	405	150	52	105	7	73	13	1
494	45	1391	3	271	976	1109	107	993	1219	256	5954	1357	202	2261	3252	1632	123	2211	393	107	1339	232	155	50	125	5959	343	10	7	6465	1624	57	975	349	118	775	87	222	363	347	276	133	216	474	378	145	444	203	87	68	1
732	264	1616	113	796	1678	1156	102	674	2174	331	4763	1870	200	1985	5459	2260	223	2312	466	266	4459	96	70	323	194	6095	396	71	62	1869	3168	370	2417	297	448	2389	81	619	1327	193	1010	213	713	2766	980	327	728	160	359	67	1
609	229	1183	114	789	825	914	96	718	987	214	3424	1302	104	1979	2059	2212	180	1182	230	402	1732	91	118	142	180	3922	262	97	117	2146	2338	75	985	153	405	1367	80	741	555	353	542	319	589	1961	827	234	467	88	164	33	1
105	50	199	17	222	180	113	8	118	418	55	891	322	24	315	388	424	24	309	45	182	1517	34	57	46	98	1104	61	27	21	341	641	43	386	33	77	983	41	140	617	124	343	270	252	923	496	106	410	154	135	11	1
35	17	164	0	98	143	143	0	56	275	24	508	286	12	126	116	119	21	477	73	26	390	68	26	13	35	727	2	0	5	150	99	820	153	394	20	122	0	12	107	125	39	17	25	113	60	18	40	68	870	7	1
330	96	709	64	563	486	693	23	349	844	203	2575	969	41	1152	791	1393	128	771	170	146	2561	79	168	73	71	3048	136	103	87	1411	1531	644	673	273	233	1351	48	1375	421	345	412	245	432	1380	440	183	391	65	204	32	1
137	64	259	55	367	258	379	4	131	702	46	1980	673	19	684	257	932	48	328	85	196	766	47	116	126	13	749	48	108	47	412	699	661	323	629	224	726	6	309	376	160	326	73	227	986	465	82	221	28	1044	5	1
543	285	652	102	433	354	851	13	284	974	125	2994	1780	33	1429	472	1206	58	516	273	163	637	116	87	82	43	2005	97	14	38	786	1000	320	381	321	235	659	7	555	180	273	302	74	272	754	226	41	149	34	426	22	1
233	65	427	45	496	254	377	20	203	525	81	1790	761	20	766	455	1029	50	374	110	115	1113	45	63	32	42	1798	107	14	38	772	1053	213	462	212	156	856	27	891	178	200	277	130	308	710	197	56	235	13	187	24	1
207	178	610	74	934	470	701	6	257	1238	129	3155	1316	44	1191	698	1561	89	668	175	322	3721	111	199	125	190	2677	117	214	119	987	1905	812	1030	1009	342	2074	48	1410	724	564	690	435	615	2427	728	176	618	127	1564	44	1
685	316	911	93	918	610	752	39	401	950	126	3662	1575	61	1371	1029	2128	111	819	182	350	1259	58	155	170	76	1630	114	147	78	1225	1862	263	510	196	416	1183	2	538	571	249	464	10	306	1560	603	145	271	91	237	15	1
316	64	539	73	601	348	368	1	200	1094	148	2265	1139	13	1101	498	1285	56	311	142	273	2853	100	127	76	135	2791	115	124	70	648	899	484	643	532	319	1920	47	391	811	455	746	418	563	2163	904	267	618	92	1022	32	1
217	65	251	42	280	182	381	1	91	468	58	1631	954	19	414	131	503	79	250	80	68	192	48	81	56	16	474	28	19	18	268	420	357	146	767	59	241	0	104	55	111	131	2	77	140	72	31	29	21	201	10	1
720	200	594	368	707	440	767	6	333	3150	207	3671	3445	17	2120	362	1020	40	421	294	298	681	74	192	255	161	1309	20	101	35	418	1164	2349	433	2427	191	729	11	506	459	253	1054	45	413	1172	686	77	189	28	2647	22	1
418	31	815	53	431	495	495	0	270	1503	126	2267	1428	45	820	427	737	85	1083	323	68	201	60	67	124	65	714	21	13	8	442	768	1807	256	2169	59	157	0	157	102	126	345	0	95	343	129	21	58	5	1007	28	1
104	48	401	22	220	192	463	3	124	562	108	1324	660	55	340	511	341	113	1031	173	38	331	93	42	24	52	1061	47	1	14	410	339	1106	386	1217	63	89	25	93	96	150	125	32	79	160	45	15	62	16	852	13	1
388	87	769	77	606	375	809	7	256	1125	179	2647	1519	9	1255	472	1589	113	448	226	172	3986	75	173	75	43	2668	175	230	64	1081	1160	710	530	577	293	1632	20	2355	514	581	605	229	700	1832	550	226	549	65	680	46	1
231	104	391	37	278	230	400	19	190	405	51	1452	487	40	453	354	623	86	375	93	174	355	33	54	33	24	885	36	11	31	660	798	65	247	119	98	376	10	256	100	134	138	71	113	408	97	38	84	25	105	6	1
310	309	892	51	525	568	1020	23	475	1251	178	4111	1307	125	1457	1662	1163	177	2122	295	189	2075	151	201	157	173	4041	174	19	39	1768	1842	1568	1592	551	99	1097	55	590	366	641	505	188	288	631	341	102	465	39	1307	22	1
160	78	391	76	425	233	425	24	162	648	43	1766	824	14	596	397	866	81	563	49	99	176	23	40	76	70	618	56	22	35	250	1026	527	363	392	114	282	3	99	109	83	280	8	112	520	126	20	114	45	309	1	1
618	86	1366	63	636	688	872	104	773	1464	203	4320	2079	277	2418	2622	2219	325	1675	295	200	2263	144	79	119	170	4872	377	79	40	2838	2355	232	1152	309	207	1238	55	1187	549	508	655	101	596	1326	577	142	446	69	348	44	1
301	73	776	56	309	455	727	55	223	966	75	2332	968	65	953	741	930	201	987	204	133	213	38	59	71	45	892	198	19	39	599	1064	470	319	397	78	281	5	239	125	155	487	10	159	300	72	36	64	13	90	18	1
469	211	810	105	760	560	1069	19	270	1146	166	3803	1718	43	1535	860	2375	137	652	231	325	2202	72	181	128	234	2037	126	251	64	1039	1883	368	819	668	459	1901	27	996	633	441	610	147	477	2410	614	203	406	80	395	63	1
762	166	1677	84	1189	1354	1321	123	829	1755	377	5328	1917	93	3068	3515	2977	144	1860	355	474	3171	137	238	136	416	7746	432	129	156	3769	2928	412	1697	473	365	2723	163	1041	1173	597	957	834	709	2584	1131	349	892	225	529	76	1
95	49	193	16	176	152	102	6	103	430	63	583	323	32	272	286	424	19	255	72	86	1183	16	34	38	73	1236	21	54	15	196	415	40	378	137	91	712	14	119	318	139	233	64	267	818	294	106	188	60	284	12	1
346	47	900	47	625	627	577	54	472	833	175	2623	1063	65	1606	1544	1810	117	700	136	210	3328	80	40	27	200	3779	252	100	102	1968	1941	93	850	508	213	1652	71	979	431	443	456	204	796	1803	486	301	482	62	220	45	1
190	31	434	24	301	275	413	23	236	443	96	1710	592	16	911	787	845	102	580	85	94	2675	33	52	20	18	1988	120	58	21	801	1165	83	596	206	133	1242	61	158	410	219	275	168	287	1209	281	205	250	86	51	24	1
257	70	561	75	449	297	583	19	252	757	132	2061	866	80	764	596	931	87	730	123	99	973	94	40	60	65	1977	77	13	28	862	1547	988	803	683	160	789	37	1413	135	420	303	152	374	760	149	94	234	44	522	7	1
355	241	590	69	466	324	660	31	226	588	103	2418	804	55	930	683	1388	84	506	99	505	1235	41	49	111	82	1083	91	130	61	954	1696	126	451	397	314	1059	3	561	276	167	288	12	323	1304	413	156	205	45	134	11	1
450	77	1173	62	360	975	801	61	610	2279	244	3772	1194	173	1891	3023	1333	271	1446	257	267	1819	109	62	153	236	5164	330	44	31	3468	1852	254	1386	328	91	2778	132	322	1070	185	535	371	362	1217	893	170	1072	216	375	57	1
172	40	366	36	171	275	250	19	253	424	94	1200	466	26	760	749	613	69	512	75	103	719	26	61	46	63	1906	110	33	15	710	705	92	393	181	103	642	20	302	315	154	212	117	265	685	304	100	215	22	47	25	1
494	196	768	77	452	305	538	11	287	728	139	1820	889	37	772	308	700	84	280	228	294	484	51	41	74	43	2050	114	22	42	369	628	230	226	754	145	427	22	397	195	159	255	47	243	550	217	84	125	36	132	18	1
277	62	518	51	345	296	382	17	285	509	93	1810	871	32	949	568	1228	63	403	83	109	1431	31	44	43	30	1612	115	104	23	866	1103	247	442	106	199	1027	26	744	323	242	298	65	422	1144	348	165	273	55	85	26	1
99	32	212	30	108	153	185	11	95	268	41	833	423	4	462	447	511	34	286	53	55	894	22	36	30	30	761	32	37	24	360	603	70	272	167	136	657	19	225	204	129	189	77	241	698	189	89	132	37	157	12	1
662	135	1250	78	417	848	857	37	624	1355	234	3908	1779	88	1964	1686	1689	191	692	275	283	4288	90	67	79	154	4736	304	60	47	1901	2359	2329	1631	1891	222	2474	104	888	773	493	633	257	780	2262	625	337	684	108	854	106	1
294	71	542	64	392	328	406	24	218	496	121	1936	728	25	855	660	1275	80	536	95	115	843	44	53	63	55	1164	86	66	54	799	1075	368	359	381	267	824	16	390	252	193	222	72	233	899	319	105	182	49	222	16	1
353	111	819	66	566	745	705	73	419	945	174	3143	1149	44	1879	2014	1979	57	947	205	282	3479	46	44	71	168	4157	230	152	88	1418	2025	130	1295	332	281	2420	113	849	858	443	692	331	711	2644	890	481	561	134	160	47	1
350	80	823	98	859	510	793	26	366	1307	209	2769	1244	17	1327	1020	1959	163	829	142	285	4902	123	132	82	157	3649	168	160	71	1551	2090	663	1306	599	424	2400	59	2034	697	819	702	351	1135	2499	607	260	601	29	1083	19	1
418	183	584	153	800	501	529	17	352	963	141	3650	1777	18	1118	260	1917	136	245	104	285	842	47	70	129	89	977	76	176	74	393	1415	516	461	212	296	1171	12	450	559	211	590	25	319	1737	630	180	241	93	137	8	1
179	40	404	17	321	342	366	22	160	575	105	1330	514	5	515	798	576	82	734	129	130	1375	61	49	25	40	1676	62	50	30	688	687	194	463	401	101	709	42	150	349	217	343	303	210	670	411	116	289	44	366	16	1
243	138	440	42	424	362	291	23	304	763	104	2156	917	47	920	665	1185	60	431	134	369	2532	52	76	133	24	2624	150	99	78	763	1164	187	755	184	245	5266	63	442	829	161	494	205	624	2114	924	367	576	187	405	44	1
392	61	967	20	629	489	654	53	564	753	206	2782	1105	43	1455	1537	1271	142	667	305	123	1252	81	57	22	135	4062	284	15	48	1957	1312	132	798	456	77	762	30	107	129	253	247	98	173	514	177	89	259	32	28	59	1
376	51	1127	19	513	790	787	70	767	843	238	3505	1233	55	2445	2884	1589	172	1041	330	124	1646	96	127	39	244	5314	298	7	24	2851	1975	133	1356	754	154	1712	73	367	320	303	208	117	311	643	324	170	388	165	116	78	1
838	193	1228	70	829	911	1005	42	697	2010	398	4157	1951	98	1910	1785	1987	177	998	383	415	5775	92	165	194	326	6808	515	123	169	1919	2516	622	1750	576	181	652	118	861	1041	727	931	232	856	2890	1397	427	992	192	519	161	1
296	53	699	25	451	622	643	53	496	850	194	2766	1021	24	1616	1534	1261	113	983	177	139	2858	80	98	39	150	5104	241	34	29	1576	1767	133	1134	228	150	1724	81	319	683	445	421	198	418	1434	596	222	468	143	152	54	1
630	97	1168	57	582	684	693	52	663	1280	234	3655	1714	85	1724	1923	1559	74	1171	357	191	2123	116	62	71	112	5272	329	33	27	1668	1742	1107	1221	655	182	4033	80	585	529	418	379	149	796	1255	383	308	428	95	367	56	1
592	170	905	104	710	533	684	27	426	1171	220	3284	1790	74	1756	893	2675	165	645	238	431	2140	64	42	86	170	3409	249	55	87	1696	2097	666	736	852	290	2135	93	564	569	556	422	154	764	2279	494	302	419	63	391	52	1
472	105	1466	23	373	1092	879	33	558	1406	351	2738	1524	153	1290	2881	939	159	2768	543	241	2558	157	98	110	19	3679	319	61	17	1239	1489	538	1348	511	134	1178	51	333	816	306	651	208	379	1250	556	146	375	132	600	75	1
223	120	342	61	304	167	371	3	123	605	101	1010	827	18	486	237	581	53	180	133	152	1781	72	13	116	93	1821	69	79	54	334	428	490	256	672	195	1004	18	756	493	284	367	117	466	1268	449	205	272	42	440	14	1
286	74	537	53	278	410	416	29	352	663	148	1704	728	43	1032	1044	871	109	633	163	130	1136	67	78	70	85	2652	142	80	36	999	1056	252	610	105	145	959	38	527	433	245	319	203	395	1121	427	208	286	35	83	50	1
181	81	355	33	295	281	314	24	195	572	90	1390	498	15	595	612	739	79	460	97	250	1234	44	39	74	38	1597	63	51	53	612	829	153	474	144	172	781	18	416	419	256	335	126	328	1154	416	160	277	28	181	12	1
146	41	442	6	174	357	450	38	292	374	79	1581	558	23	829	893	464	130	787	158	73	1892	39	52	32	63	1621	173	15	7	1279	1013	92	705	122	75	702	48	103	304	187	185	128	197	658	271	81	239	102	114	20	1
302	66	787	5	272	612	813	46	586	642	139	2548	942	35	1410	1607	834	196	1203	264	120	2820	66	98	58	108	2623	258	26	11	2156	1524	130	1092	214	116	1180	87	172	430	304	372	204	332	935	421	127	455	143	225	28	1
745	168	587	125	656	351	610	9	347	1068	258	2352	1531	49	933	317	907	77	361	314	298	931	98	78	74	169	3797	132	33	64	496	509	1451	281	769	261	1016	30	525	343	227	343	111	474	788	343	115	221	63	554	25	1
1765	894	1458	702	3048	810	1544	16	1443	5635	381	11809	6625	141	2727	616	5668	173	726	624	1270	2120	140	235	749	453	5182	365	171	314	1104	3672	2876	1207	2273	977	3794	16	1551	1043	576	2114	7	1775	7454	1150	718	868	165	5354	141	1
174	96	396	34	274	267	309	15	191	519	84	1175	408	26	555	361	755	56	365	88	182	1615	51	42	108	109	1722	99	83	54	642	752	109	407	219	146	1284	31	546	421	274	346	150	338	1094	416	183	321	59	185	36	1
220	100	401	31	411	288	356	31	288	536	87	1627	477	47	1014	870	921	60	506	101	175	2623	31	51	69	53	2240	143	65	40	1013	1118	153	637	566	177	1045	47	524	414	275	292	161	349	1106	429	228	377	91	109	14	1
104	29	449	0	89	117	488	0	63	159	25	1136	357	70	142	223	157	228	1296	113	0	167	72	26	0	6	1074	1	0	0	266	98	837	98	254	0	8	11	44	56	36	36	1	14	31	0	1	22	0	207	0	1
678	312	1021	86	747	562	1035	28	626	1091	183	4165	1649	79	1753	847	2230	144	522	286	325	1080	102	182	134	155	4059	232	27	57	1594	1875	157	646	915	224	968	58	1380	259	307	291	93	285	1023	326	117	297	114	284	43	1
654	125	1268	82	893	673	1046	48	747	1275	251	4658	1989	80	1870	1462	2232	114	1084	287	349	2559	125	169	130	263	4934	280	88	73	1838	2435	307	982	395	355	1420	54	689	635	546	670	221	614	1830	646	190	469	140	390	50	1
181	65	334	40	349	248	224	25	184	416	59	1223	434	21	625	563	593	54	464	100	165	1302	36	27	46	48	1737	79	47	38	715	762	157	473	209	123	831	42	182	392	157	280	151	232	868	359	146	243	37	121	15	1
470	129	1040	28	596	675	650	72	512	969	219	2814	1120	84	1725	2001	1362	94	965	207	278	1342	84	103	96	175	5040	308	46	42	2050	1530	325	933	125	171	1377	105	241	493	260	174	279	378	1158	503	161	439	84	103	41	1
959	471	1518	191	1173	1087	1344	108	860	1589	297	5373	1934	136	3164	2443	4017	122	1464	267	788	3657	89	100	205	205	5140	347	230	226	3632	4734	143	1596	157	695	2896	128	1606	828	614	813	308	1305	3835	1175	523	652	103	233	58	1
715	278	1172	135	926	734	740	35	619	1209	315	3749	1488	77	1554	931	2067	113	357	205	942	2536	117	81	136	201	5373	268	128	129	1618	2425	78	769	219	477	1933	81	792	875	443	592	399	836	2232	997	319	551	116	79	32	1
529	61	1175	8	694	1046	656	57	568	1034	311	3504	1484	162	1927	4011	1276	221	1371	389	124	1698	113	84	35	116	6816	361	26	22	2122	1420	674	1379	181	51	2483	188	109	660	122	421	496	408	1243	560	161	527	144	259	74	1
515	221	1169	43	832	978	1356	126	705	1053	215	5111	1444	105	3061	3567	2432	236	1800	198	324	5060	55	123	127	325	6106	343	76	40	3406	3307	399	2626	539	335	2965	25	294	958	363	600	61	940	2129	791	342	598	306	585	106	1
287	51	473	33	262	346	300	34	314	549	110	1567	779	27	853	919	833	61	617	98	120	864	29	44	46	62	2144	144	57	42	1026	761	79	662	317	104	708	48	309	437	153	278	278	332	1203	408	159	323	75	72	42	1
459	104	1149	25	312	590	821	83	576	806	136	4014	1453	257	2231	2936	1678	258	2269	264	117	2064	84	33	75	86	4197	433	16	51	1981	1733	106	1186	88	210	1879	146	318	491	278	395	160	430	1610	315	153	328	130	80	77	1
511	101	603	68	303	301	357	1	89	3987	507	701	939	24	290	252	248	49	608	796	286	3314	151	46	223	217	2106	152	50	62	179	318	3887	297	3193	175	2100	31	182	1162	427	587	225	755	1109	803	477	168	181	3206	32	1
312	100	728	43	339	510	518	34	424	502	126	2476	768	67	1447	1134	1161	133	789	132	132	1320	39	29	44	62	2652	176	20	69	1427	1592	82	898	259	135	1024	67	433	327	230	289	169	371	917	306	121	403	120	87	69	1
259	51	638	13	388	485	351	23	378	515	162	1534	634	20	961	1336	698	52	287	139	199	2079	50	73	61	122	4105	161	24	55	1031	944	124	708	155	173	1329	95	128	437	117	296	283	358	956	450	196	380	46	95	49	1
433	74	864	50	474	501	528	32	580	845	208	1980	931	53	1236	915	1265	111	545	223	119	1028	54	90	62	78	3554	248	34	27	1144	1363	510	569	1704	158	661	55	863	186	279	214	101	512	647	244	141	289	54	138	29	1
568	90	1153	80	691	663	877	58	712	1163	223	4009	1625	120	2201	2364	1726	117	1146	239	424	3310	105	92	103	129	3472	287	42	79	3184	2480	51	1328	65	410	1567	123	886	673	236	595	220	658	2266	719	181	544	97	195	85	1
134	80	139	68	186	235	141	1	28	2087	81	357	339	0	249	105	295	9	144	116	353	2218	76	29	223	195	924	21	94	113	113	328	2045	210	1475	336	1646	40	266	1016	416	730	271	665	2091	836	294	232	59	2702	1	1
396	194	1149	75	376	564	552	29	269	2021	178	1246	972	104	465	696	495	74	974	333	180	1238	116	22	178	87	1350	96	34	24	296	682	3527	487	6030	119	733	21	230	660	321	498	67	382	1268	423	119	183	35	2558	12	1
222	54	373	19	290	302	269	24	227	525	120	1065	456	20	665	920	465	36	604	101	97	1388	45	49	40	176	1997	89	26	32	865	782	202	596	102	69	898	46	187	388	173	257	195	221	809	366	131	355	128	122	17	1
308	24	1009	19	246	687	549	47	414	946	266	1874	793	50	853	1439	605	75	1272	352	81	1327	89	91	26	107	3720	179	2	18	680	810	496	836	168	67	502	34	101	346	216	270	109	162	323	151	45	212	147	188	41	1
463	82	1226	74	751	679	763	101	677	1070	271	3548	1457	65	1876	1608	2187	196	1235	207	183	3551	113	81	48	196	4267	343	96	62	2747	2631	57	1026	348	230	2245	101	3547	516	604	558	225	967	1981	557	339	550	89	138	67	1
540	74	1127	25	419	968	577	73	592	1139	223	3456	1394	152	2247	4558	1583	139	1737	282	100	1420	54	82	48	119	4246	237	11	13	2574	1815	62	1362	609	97	964	79	138	278	265	172	103	293	616	204	151	343	187	63	51	1
816	205	947	146	652	609	929	40	531	1105	254	3096	1565	54	1796	1050	1906	191	729	229	303	1753	85	140	153	176	3783	249	124	123	1840	1732	161	633	338	435	1502	63	1086	592	360	484	276	736	2224	746	326	455	88	206	38	1
650	167	595	57	460	307	706	10	334	1428	174	2267	1644	55	1203	582	1256	78	265	406	217	1443	265	96	114	164	6085	228	39	46	1247	806	325	256	2588	133	1351	33	282	355	65	325	81	312	444	482	136	233	156	298	47	1
64	44	162	16	152	108	212	7	63	239	40	687	228	13	224	219	340	15	225	37	54	1375	43	28	33	55	620	25	47	20	357	552	233	227	131	96	519	12	478	189	224	135	89	196	656	165	63	192	25	342	8	1
344	57	729	23	472	499	451	26	356	778	171	3035	981	50	1815	966	1201	86	540	163	145	807	64	82	34	105	3807	258	11	18	2053	1444	108	680	360	108	1299	71	102	239	290	174	100	283	679	178	118	225	117	129	40	1
759	378	1652	105	1049	1431	1628	195	1340	2381	349	6674	2257	301	3764	4860	3082	259	2920	443	534	9275	127	96	287	274	8938	642	109	69	3055	5104	480	3262	344	510	4817	155	1452	1225	851	979	221	1499	4106	1316	530	1090	316	463	170	1
426	186	712	65	409	397	594	52	411	582	157	2203	892	131	1354	1039	1532	106	611	144	243	421	29	84	111	42	2012	168	44	50	1023	1280	213	553	686	130	561	26	467	149	160	188	40	251	689	231	92	122	40	95	33	1
152	57	279	48	328	234	241	12	184	565	85	1273	631	33	521	512	857	39	424	80	194	2398	60	51	44	81	1532	67	75	41	698	978	125	555	184	213	1445	34	795	592	329	429	104	621	1598	426	228	416	72	277	12	1
254	58	663	43	481	495	573	22	314	787	147	2278	781	28	981	872	1194	167	628	168	179	2613	67	124	34	47	2983	109	73	68	1378	1284	466	676	294	258	1310	51	1079	433	350	380	298	402	1209	430	143	380	59	144	29	1
506	120	739	28	556	544	698	17	469	904	217	2797	1348	61	1427	814	1388	62	354	307	182	1141	79	72	43	49	4190	222	29	30	1354	978	101	477	1057	138	1260	20	176	216	219	240	44	291	762	250	131	310	196	116	52	1
531	135	1128	73	463	606	796	44	537	775	191	2860	1348	71	2066	1862	1734	163	800	201	97	602	55	78	46	130	3012	193	20	42	1519	1622	55	805	354	137	489	41	304	174	211	171	75	234	614	186	79	220	60	47	44	1
364	48	882	23	314	616	615	68	638	721	177	3513	1154	100	2246	2010	1447	107	1082	262	122	966	102	115	40	86	4111	349	18	29	3134	1592	44	996	250	102	2080	40	217	246	89	200	56	277	731	206	173	318	108	36	45	1
281	91	596	13	234	377	527	22	388	571	133	1995	858	52	1357	1305	932	65	573	213	97	1623	27	44	65	36	2658	182	6	15	1207	1474	89	679	349	34	788	55	190	237	205	258	121	225	652	227	98	298	10	74	35	1
434	143	872	75	586	346	601	25	414	582	100	2283	918	53	1428	929	1535	94	448	154	304	635	64	57	64	108	2338	132	39	64	1016	1209	302	423	1167	220	670	40	406	167	164	211	85	314	807	276	115	202	48	119	21	1
198	30	544	34	345	296	335	18	196	624	115	1474	708	43	493	595	741	57	756	151	139	1351	88	41	54	36	1517	85	65	32	623	862	194	472	512	213	895	10	436	324	158	376	118	349	943	372	181	176	53	232	11	1
218	57	103	30	204	71	212	0	52	287	42	671	399	14	314	87	384	15	76	65	113	288	17	37	61	51	662	20	11	28	182	180	126	66	88	95	389	2	200	121	92	108	31	134	211	186	40	66	15	39	16	1
220	95	558	44	252	286	443	17	224	520	92	1843	655	59	758	512	946	114	353	104	234	1968	28	33	92	105	1786	143	66	36	924	1371	98	597	207	142	909	51	381	346	301	237	128	282	981	312	172	248	14	105	17	1
166	25	453	37	291	319	338	25	203	591	136	1376	576	32	594	978	583	73	669	127	144	1439	56	71	32	55	2219	94	33	67	612	839	169	559	405	118	790	47	211	371	227	297	178	278	799	397	130	270	48	315	33	1
218	47	666	53	387	279	539	19	231	532	88	1687	719	24	835	651	1150	117	587	93	112	1713	35	53	20	104	1576	92	56	69	920	1261	202	433	292	182	934	17	720	212	330	186	62	409	1023	258	131	225	27	117	10	1
584	126	1168	89	540	458	724	20	383	846	211	2920	1497	40	1426	523	1845	137	418	259	169	722	55	63	75	131	3079	227	42	72	1282	1193	131	492	436	206	863	57	635	247	268	244	81	395	948	238	168	254	53	63	27	1
382	146	816	46	417	608	581	53	551	843	185	3292	1389	39	2336	1768	1788	126	681	222	139	1579	57	61	67	183	3849	267	30	57	1638	1824	128	1377	773	189	1307	84	351	367	285	265	111	405	929	313	204	357	100	86	96	1
197	42	591	33	206	249	322	26	217	397	83	1402	558	31	664	763	680	72	487	83	130	688	31	31	19	24	1477	77	13	37	679	770	228	308	87	76	395	36	262	243	139	180	76	177	602	200	72	127	21	123	7	1
849	217	1612	120	877	1102	1611	127	921	1685	392	5575	2134	175	2887	2521	3112	242	2471	304	706	4493	148	88	181	228	5926	411	180	126	3645	4391	516	1947	803	603	2796	90	3642	909	905	1018	340	1172	3711	1054	497	799	118	846	82	1
179	55	713	10	365	342	628	15	286	647	132	2313	958	85	553	846	522	91	1763	240	108	1010	102	102	51	65	2303	76	15	11	1062	790	329	521	289	62	469	35	112	265	124	267	297	144	456	194	45	152	36	216	25	1
626	123	1170	85	731	746	681	72	711	1208	259	3762	1406	43	2166	1718	2342	166	679	244	355	2288	112	109	95	206	6230	313	71	91	2363	2237	169	1109	189	294	2086	138	553	707	419	531	414	710	2073	792	278	550	198	169	74	1
592	92	1168	42	555	915	1066	62	654	954	242	3836	1305	67	2522	3495	1961	226	1433	277	221	3354	62	124	92	122	5314	332	97	34	3349	2676	145	1693	287	314	1845	68	1028	652	414	486	149	580	2111	690	341	604	149	328	54	1
661	124	1199	35	388	940	641	77	959	1368	302	4382	1195	241	1808	1833	1521	139	1269	404	165	124	156	92	80	63	8665	514	6	20	2085	541	505	738	324	52	171	1	157	353	35	45	3	107	275	221	37	285	86	75	33	1
1247	165	2364	67	1847	2360	1391	161	1471	2553	514	8306	3351	204	3283	5549	2815	271	3043	829	594	1265	241	244	129	431	11815	644	26	52	2575	2371	229	3067	990	295	4619	83	390	903	474	170	238	552	1109	611	166	558	295	391	45	1
539	99	1467	45	661	778	905	42	693	1256	292	3751	1567	99	1773	1758	1569	195	1310	423	134	474	159	151	49	210	4822	163	1	30	1614	1220	249	684	1866	113	370	48	326	144	260	285	113	195	317	167	50	187	85	277	105	1
1479	238	2042	167	939	608	1744	29	550	2818	760	4094	3362	65	1986	1010	1750	194	1209	755	373	1550	344	273	195	159	10818	278	37	146	1870	1018	890	443	1604	283	968	81	980	619	739	640	274	648	731	610	179	298	77	305	65	1
296	96	420	53	334	359	327	26	237	566	62	1435	663	25	802	694	929	79	555	94	319	529	48	56	92	35	1076	59	44	41	393	757	338	381	289	213	586	4	186	330	116	228	29	222	925	339	111	148	57	260	4	1
833	144	1896	33	1146	1787	1351	133	1040	2760	520	6658	2307	164	3666	4761	2662	445	2429	558	417	7682	156	317	99	253	10500	534	96	156	4162	3492	992	3336	986	138	2929	115	487	1709	1184	1305	446	798	2964	1478	515	1757	168	912	133	1
126	26	391	14	156	307	161	25	178	367	74	696	251	21	440	903	314	22	326	103	79	301	19	33	36	29	1247	107	1	6	403	295	115	323	83	61	642	37	27	202	16	152	81	95	251	204	39	121	26	75	7	1
519	96	683	32	235	550	489	28	570	676	156	2800	1065	48	1308	1439	1188	97	488	157	99	1302	49	48	29	50	3558	235	11	19	2265	1372	341	861	812	85	1321	58	241	248	129	194	72	394	908	168	199	307	15	20	82	1
397	89	866	35	469	621	446	44	435	853	205	2521	975	40	1638	1465	1343	157	756	157	179	555	71	91	65	136	5205	243	10	32	1690	1244	286	548	368	127	629	55	194	396	169	243	373	277	760	373	60	269	63	246	26	1
495	149	965	53	508	567	705	31	391	789	180	2397	946	69	1712	1304	1417	179	648	259	133	899	69	104	58	113	2571	163	25	67	1438	1350	128	810	566	200	557	64	301	193	197	224	169	294	642	241	112	248	40	41	28	1
168	66	452	43	313	276	281	16	156	553	57	1345	510	12	410	387	613	56	529	66	278	1695	55	44	69	104	1241	72	103	78	537	938	369	485	277	200	1063	66	505	545	331	402	309	364	1286	399	155	306	66	619	8	1
692	396	2206	98	1000	1212	1784	112	880	1654	353	5088	1670	185	2478	2871	2255	361	2348	383	764	3696	182	133	337	103	6624	398	51	120	3247	3705	615	1733	764	277	1885	209	810	985	527	820	832	600	2288	945	282	827	246	833	36	1
257	35	710	32	500	435	802	29	320	662	165	2087	769	29	761	1076	774	52	1389	192	66	756	60	76	23	79	2517	95	9	69	1094	841	929	610	1053	58	266	89	188	156	210	199	278	123	359	121	64	198	45	213	47	1
